5197848500
13807
198
9594
16511
3074912804
9488
325661280
5015986416
229
12348
94651812992
770
122
8783985
49128
5302
6043
690
201
16043832
158928
2460
43881397560
16875
48845058048
7652
25
3876285
13426
41497344
162
3845381643
117035478
21025
733990904
750
95967312
1253
1925
13536
16128
2997672
175596792
3767530
18100
12305
12584208000
280
12542
3360
179
4898686464
254016
22858794
7738
2260
4407
7340625
995
7893
51294180
1290
32585
331658712
23369323692
8817
58035
39888450
198
4991868
162
1315
177791525888
171473423520
213
8855822480
145957240
284
244
286
12195
2349248
77
1547910
18211612644
12315
4088377800
16162
63504
16278
42
3890704860
7331231232
1690
158656365
10363
63
11219
143
178
99
1533
5916322944
16011
175
601882008
16224
2848
1585
4563
3223440
1112
176
8190
20769627450
3585125376
166
291
81
1573
22161249
1419
226
1447
256824
3888
4066216
14129
131
16785845424
170
426600
9113257824
2194
173
16920
300
82
3538087812
221
17749
169
1475
126
143
15095
96
858130
21264
828
6821301760
962777424
195
68
1486
109
8528628
3950100
3339511552
2500
7995445
7769609748
269136
1143
8204130270
8491392
2597
10404
191
34146486
1901
108
5642086786
2693
167
203742
10858055648
396
8724807
436392
126085445640
187
81702
10200960
16283
56207194920
1252017
392445
5189184
7068
95661973638
185
44862757440
647
38935080
5095
339012
164
15043
1488
521088
197
9409
52698048
1565
407160
209238601
9197930
200846520
3004
8274
91770
5915099925
2486
14821
16613
10824
147875229260
425810856
193
511563150
870357152
992
1534
254700624
2415393456
194406936822
34871760
30912
7747488
363584
169
14082432
108300
24550
20296
1104950
22319786916
908232
3629
4902768
148
217
29275340094
196
136864
3272106852
193
1881893608
97
9774
314
1040
416
4281
24527327100
19754
128
62712
1914104137
110
152
1218039216
536
28924
5952
87
175
5904
2186064
340108421400
1688
89100
12791
158654328
3664157220
92326320
916
10373220
1932
1320
1198
10353001428
2695
17151
27811968
9714
839
323
16254
70
2270425059
975
105
54654900
2704
3967547220
1973
1055
16722
140295120
1937
240
267624
187
711018
1126872
757406862
8973
24265359648
472384
164537130912
257040
4339845
17182242
3097676232
571699974720
3980
4882
16384
5304
2108
426496
341496
1483
19677
483115776
4018
631780248
334368
41523300
103684212
104
21269
14797
180544
110
404663688
143
1307
647496
138
19853184
4798
11647
201
218
28961
792000
130
4015980
153
162
918
172
8825880
267
176
2859
128592
224
24216192
15264
4889808
1288
4824
16535583568
131304240
38160
2354
410977320
19075
2665656
2763
113
12235
5752086912
301
89300
2399
421660512
200
17598
178
781
15070
15895
10518
58634767576
2267
57029397
197
221
11078
18728
128
665367300
203682200670
243675
1494000
13617
25568180
177120
381
942
479325600
34428720760
1496
47
1778305536
1755
1163
4425168
13802652558
100368576
5112
644
2101
16760
2173600
7425
1595
3544977744
22464
3467711040
48881560050
881
108
98352342504
1409200128
257040
796
10744
1266
72324
169
277290000
1850904
1533376
186
270566352
1839970860
14153
2271
1172
15365
65360650446
188762986
221
226
14459
26
105321684
5910134748
17964
8387546496
721188
20384980
243
223
5253
1156
16381926
1521
164730566769
259536960
122511312
170
51144595884
2321652
1035915264
646
11868502
751
6044064
3025456929
3957282
1368120
1501463600
120
296
1068
268
4854
65
2939328
9504
168
2753
1129434345
9642
13280960
3171150
1788
133
2380
1325744
972297216
1574
173
1367
453005790
2822688
1031
5741568
1185818816
1052
20122815
139
642396
55
2952
191
419832
747684
3675709440
18671
103
39256140
1198496
184
28
1762
1810
304150
4271904
3328800
675
25866048
87
284
1191333528
66
9510
135
93
1499264
213
17143
54432
38774213976
186
42267888
259488
5166252
1670760
740
145
10884
9120384
1185600
34537668
343527309090
115091532
15645
515
1692
6424
198
10530
12595810656
256
153510
1476
931188258
96
209
1547700
1174
16037
2468
1532115936
1102453
251400952440
1810
19103
84035
162
317016
2443
10614
121
4331404
85726080
89
2433024
6656
12066
2681222544
79284373047
2782
14340526508
351778140
3615840
486550740
15733
123923746752
10028
15119
215
27714
176
69
825240
10166
378
470680
10693967328
25024
7750
237
1852
1930
6952
144
228620000
2638
343728
121
1936
19608
128592
931604652
3577
207361056672
7418790
2797401696
131291388648
117075402
557
2200
487298592
1341
300
8418410
188
791210
168
266
5761
67131232
188
12062
266421285
13821
20101511232
386685629
14943002618
1583985780
134640
175
700788510
18499
22709484
8801793000
1065
368309396
369796528656
140355585
1501500
885354
4539510
133
18867554532
213629856
202336228224
24471356
2477
525087840
431506530
414296586
1823
19619
903
21420
73109232
1602
161
32581152
11217
15351000
2946860
106260
1751
26930
210487472
327867488
1324890672
3167262
8120448
270
4847040
7902024
115000
130
11028960
1333344
25890030720
2482920
6753
1959
1593
1402
2186
11499022500
4147412948
29764944
1455
14159
14719
666072
12078
7450
1381
23992
39518453520
10737351
237
22864150
929
129933960
11729648931
19831652064
10888
20844
9481
2311
9963
69
98
6165288
24222
243
11096304
170
130314605652
288
17163107010
8375480820
207756048
6615567
9824
1185495552
17956
2329236
574
226
2073580040
195048
72755351064
2188800
549450
786
60552320400
2039
41779488
1326750
1270
8504
1347
1241
17635
209
3865227
551250
86628815
6089
150
90
3857
1301
89
188
167580
13940
197
538056
500175
790
295154244
152
11119
10720647168
70054320
5426637664
382
17194
12215
34648
17254
179
196
8315
2372
134
1763
1971
1153845
12056
239
161
18850
8910
1249248
24039360
188
18761470
11855
7120
3742132935
9984
13094
1009
2288
3988016032
235
254
18769755456
3290112
303
1115
371691376
18218
19221
482448
136807216
196
20737905744
191
464381736
134
9806
7108920
563958
1997
230265
13390
341
12995
2677047126
197
217
5180
15812
1655784
194
698544
13608
14872
641
205
26172
4418
1221129
3461600448
1363
794
9537
6363630
489027474
6934
6026400
234
136
135198
23575695
16125
10982
1312291200
12348
184
85230904
1721
10646570592
13257
1078
20064192876
27205792736
9687
208929456
8432
192
16757
298
817128
366282
1645
2246
227
16454850
2337
1638
9562
3552120
236808
42103143225
40825
150336
382081758
2073
176129952768
1135
1670
9392
164
179
3816
2566
3111387120
11594888516
2038005696
321155856
3639526912
7861
4706493792
82769179080
3190935
65239484240
13238784
250
19531
23827
24136
19551
10046
39929760
8937
579500
1530144
301254
2405
239760
19887
2007
2250664
537
264
181
341530
317520
1929
2402
13220
123648
17360
977
671328
16182881397
2934
641980416
59208450
130
2193
1636404
316754856
2067390
1852
18316633392
823
268
912
69994152
241164
13694390976
692
19445806728
1351
18656
13649573652
465696
5999
529984
6825
24140686284
927
11760
25262
13104
22187
2087662544
98
137
449915648
158
3944008432
1364352
7456872654
129
2439
13482
162
1441872
8540368
788424
1893
10207066912
8112952500
253
1908385125
Total result is 6371789547734
Elapsed = 66.9782 ms
